odom_start:-2.00002,-0.499984
quaternion_start:0.999993,-7.54261e-06,0.0038531,0.000125315

